year	p1	p2	p3	p4	p5	p6	p7	p8	p9	p10	p11	p12	p13	p14	p15	p16	p17	p18	p19	p20	p21	p22	p23	p24	p25	p26	p27	p28	p29	p30	p31	p32	p33	p34	p35	p36	p37	p38	p39	p40	p41	p42	p43	p44	p45	p46	p47	p48	p49	p50	p51	p52	p53	p54	p55	p56	p57	p58	p59	p60	p61	p62	p63	p64	p65	cpi2000
1957	34.561214	45.3	28.0	26.7	54.0	52.8	100.8	82.0	94.2	27.0	50.1	34.9	26.2	48.1	22.8	11.5	77.8	74.3	24.7	44.2	74.2	52.4	4.7	22.3	96.8	58.7	109.8	18.6	8.4	32.0	16.9	45.7	34.7	20.0	55.4	90.0	5.0	17.8	26.2	89.9	53.8	34.2	54.0	19.8	44.2	40.6	113.8	50.2	58.6	21.0	35.9	70.4	80.9	36.8	30.2	19.0	53.2	30.111525	36.6	82.0	49.2	57.2	72.093025	41.7	12.9	16.318235
1958	31.610477	45.6	28.6	30.7	38.6	49.1	102.0	103.2	77.3	32.8	39.9	41.4	65.6	38.1	21.7	14.7	49.9	71.4	24.0	43.8	75.5	54.8	5.1	22.3	95.0	44.0	86.6	17.6	8.8	32.0	16.9	40.6	34.1	20.2	56.6	91.1	5.1	17.4	28.5	70.6	46.8	34.6	52.6	18.5	45.8	41.0	108.1	45.7	46.3	25.0	36.9	67.8	79.5	31.6	31.5	19.4	52.2	28.996283	43.1	109.5	49.2	51.2	75.0	41.6	12.9	16.78281
1959	32.17768	43.9	26.6	30.7	70.2	49.9	77.0	101.2	66.7	38.0	42.7	43.5	48.5	43.1	23.7	17.6	42.5	73.6	24.3	43.8	70.0	51.5	5.5	22.3	94.1	47.6	88.1	36.5	8.0	29.7	16.9	39.1	31.1	20.4	48.0	128.3	8.3	17.9	35.7	51.6	46.2	32.5	54.3	18.6	47.7	37.3	102.4	47.6	58.2	32.0	32.7	47.0	78.7	31.1	30.0	14.6	47.6	20.07435	39.6	103.8	43.1	48.1	61.627907	40.4	12.9	16.898954
1960	32.598305	47.4	25.5	29.9	53.3	48.0	58.7	69.1	66.8	34.4	43.0	44.0	44.8	43.2	21.4	15.0	39.7	150.1	21.1	39.0	62.7	47.5	6.0	22.3	92.8	61.5	84.3	31.1	7.6	29.7	16.9	44.8	33.2	20.6	51.1	94.4	9.4	17.9	36.0	66.5	45.2	33.7	55.2	22.5	48.1	36.7	96.7	46.8	53.5	27.7	36.2	74.8	77.6	33.0	30.9	15.3	50.8	31.97026	37.9	74.5	42.8	44.8	59.88372	41.5	13.3	17.189316
1961	32.598305	43.9	33.7	32.4	42.5	47.5	63.0	65.0	63.6	34.2	43.6	43.3	57.0	45.8	23.2	17.6	38.3	102.0	22.6	36.6	75.3	50.3	6.4	23.4	90.9	64.9	86.3	27.5	8.0	29.7	16.9	40.8	27.6	20.0	54.2	85.3	12.2	18.1	30.7	68.0	54.8	31.6	50.4	20.6	57.5	36.2	96.7	49.3	54.5	24.0	36.8	68.3	76.0	34.4	29.9	14.8	42.3	29.182156	37.3	70.5	48.4	44.8	52.73256	19.0	12.9	17.363531
1962	31.610477	41.7	27.5	27.1	52.2	47.5	52.6	75.7	63.1	34.9	43.3	48.5	60.3	36.5	20.8	16.4	38.2	69.2	24.3	33.8	56.7	53.2	6.8	24.1	90.2	48.1	85.9	23.9	8.0	26.3	13.5	43.2	28.4	20.2	54.6	88.7	13.6	21.2	46.3	55.2	49.5	36.5	52.7	22.1	51.9	43.7	91.0	50.8	54.2	22.6	34.7	63.5	51.6	37.7	33.8	16.7	43.5	27.137547	38.8	80.7	51.7	43.6	56.337208	16.8	12.9	17.537748
1963	32.31789	38.8	26.5	31.0	54.9	49.1	64.1	78.5	64.8	35.1	44.6	47.1	74.2	39.1	21.6	11.1	38.3	63.4	26.1	44.2	57.8	55.6	6.8	23.8	90.7	57.3	90.0	25.3	8.0	26.3	14.3	42.1	28.2	20.0	54.6	71.6	9.9	25.0	57.6	54.4	54.3	53.9	49.9	22.5	61.1	43.3	91.0	52.5	66.3	31.8	35.0	53.0	61.2	38.7	25.7	16.4	43.2	22.67658	35.4	85.6	55.2	41.8	49.302326	15.7	12.9	17.770035
1964	34.421005	30.6	29.2	38.7	59.0	48.4	56.2	89.5	78.5	68.6	44.2	45.4	63.6	53.6	25.5	13.5	35.6	95.8	30.0	82.8	60.6	56.5	6.4	23.8	91.0	56.2	98.3	31.8	8.0	28.6	18.4	44.9	27.3	20.0	53.8	76.3	11.9	25.3	41.8	81.3	54.3	28.8	48.1	21.6	79.8	42.7	91.0	51.9	57.6	42.0	40.1	55.7	80.5	37.7	27.7	16.7	41.9	23.791822	33.8	90.0	54.8	35.1	51.627907	18.1	12.9	18.002323
1965	34.421005	29.0	32.4	42.4	55.1	44.3	51.4	89.7	77.8	81.9	42.7	48.3	88.4	46.3	24.8	19.2	35.6	87.8	29.7	65.2	52.8	56.5	6.8	23.4	90.3	47.8	96.7	33.1	8.0	32.0	21.3	37.7	28.8	20.1	56.2	76.9	11.6	25.3	33.2	65.7	54.3	28.5	47.2	23.5	82.6	43.1	91.0	45.7	55.7	37.2	50.4	101.7	67.9	29.7	30.5	18.4	44.1	43.494423	40.0	93.6	53.6	38.7	55.05814	18.8	12.9	18.292683
1966	34.421005	31.6	32.9	47.6	51.1	31.6	61.5	77.9	68.5	65.3	43.5	50.6	71.7	44.7	24.3	15.1	33.1	115.2	30.6	48.5	50.2	63.4	6.8	25.3	89.6	48.7	86.5	28.4	8.0	29.7	23.3	41.5	30.4	20.7	69.6	66.2	13.8	25.3	30.6	62.9	59.7	25.1	48.2	22.5	71.6	42.1	91.0	56.2	54.8	33.9	44.8	61.7	58.3	37.3	27.7	18.7	46.7	26.394053	43.7	80.3	58.8	39.1	56.279068	19.6	12.9	18.815332
1967	34.421005	30.2	29.5	45.9	40.8	30.7	72.5	105.5	67.3	71.5	49.3	50.2	50.9	36.5	19.4	11.5	30.8	93.7	27.5	48.0	60.1	52.0	6.8	28.0	90.1	82.3	94.8	28.0	8.0	27.4	25.2	42.7	27.3	20.9	86.9	54.5	13.4	30.4	24.3	50.3	53.8	27.7	45.8	24.5	68.9	40.3	91.0	47.9	45.3	32.4	43.4	64.8	47.2	41.0	30.4	17.8	41.8	27.695168	40.2	114.4	57.3	37.4	57.73256	16.5	12.9	19.396051
1968	35.829456	30.2	28.0	49.0	40.2	31.2	114.8	90.1	65.7	63.8	43.3	54.4	53.8	46.3	24.2	14.4	43.9	111.9	27.5	53.7	60.6	49.5	6.8	28.2	90.7	48.1	72.4	28.8	8.0	26.3	22.0	46.9	28.3	21.2	78.2	67.7	16.2	42.0	28.5	46.5	51.6	27.3	40.3	24.8	69.6	40.3	91.0	47.9	48.3	31.9	45.2	68.7	46.2	40.1	32.1	19.0	43.3	29.36803	41.7	90.9	52.9	32.1	55.23256	19.8	15.1	20.209059
1969	38.639984	35.3	26.3	54.6	42.3	35.7	95.3	102.3	82.2	91.5	42.9	67.3	80.3	48.1	24.9	16.3	43.7	98.8	30.6	71.8	56.2	54.4	7.2	38.2	87.7	46.9	94.2	39.8	8.0	25.7	24.4	43.0	30.8	21.8	69.0	76.5	16.9	38.7	26.5	64.4	48.9	32.5	39.6	25.6	80.8	36.7	86.8	44.7	42.7	39.2	58.3	118.5	69.9	41.5	31.8	23.5	47.2	50.65056	47.0	106.4	56.9	26.8	54.186047	24.8	13.0	21.312428
1970	39.341022	29.0	29.5	58.8	46.5	40.7	72.8	103.9	92.3	56.3	46.6	75.3	81.5	62.8	30.7	12.9	56.4	98.0	30.6	59.9	54.6	67.1	7.2	39.7	87.0	57.7	107.6	39.8	8.0	25.1	25.6	37.6	27.2	22.7	55.4	58.7	15.4	35.1	23.8	79.8	59.7	35.3	40.7	20.8	91.7	38.0	86.1	45.7	36.2	36.5	49.7	68.5	95.8	45.3	30.5	18.4	41.6	29.275093	46.9	101.6	58.9	28.0	54.7093	19.2	13.8	22.53194
1971	42.43197	29.4	28.5	59.2	78.3	44.3	53.8	80.7	85.1	56.7	57.6	74.4	64.0	59.6	30.6	19.1	41.3	109.7	35.8	50.4	48.1	54.0	7.7	40.1	87.0	58.6	96.3	34.0	10.8	25.7	24.1	46.1	27.3	23.0	53.4	47.0	23.8	29.9	26.2	69.5	62.4	42.9	41.1	20.2	76.9	38.0	83.3	47.8	37.2	45.2	59.0	96.7	81.7	42.9	37.7	17.2	41.9	41.356876	47.6	68.3	63.3	32.3	59.88372	16.3	16.0	23.519165
1972	34.421005	33.8	36.0	70.6	63.6	46.3	82.4	60.9	98.1	55.2	57.9	93.6	152.8	65.4	30.9	37.5	49.5	98.4	44.0	66.6	60.1	71.2	8.1	46.1	86.6	54.7	79.3	35.6	11.6	26.3	23.4	48.1	28.4	23.8	72.4	60.1	22.3	42.4	44.4	60.1	86.0	51.5	42.0	23.2	79.6	36.5	83.3	64.6	87.5	47.8	74.1	131.3	81.2	84.4	40.2	23.1	43.5	56.133827	57.3	63.4	63.9	32.7	65.11628	21.0	23.5	24.2741
1973	40.32248	35.2	65.3	93.1	63.7	58.5	127.8	242.4	115.7	119.7	127.3	112.7	277.1	112.8	65.6	33.1	64.6	101.3	62.6	125.6	259.8	117.0	9.4	46.1	86.4	50.3	194.7	44.1	17.0	31.4	24.6	58.5	48.9	25.6	204.2	141.6	36.3	67.3	119.1	154.8	125.3	62.7	41.7	38.3	134.5	43.1	98.0	91.2	131.2	123.9	101.0	177.2	188.4	108.0	47.7	39.2	75.0	75.74349	76.5	298.9	106.1	38.6	69.76744	43.6	39.3	25.783974
1974	54.795742	39.4	116.8	56.9	63.6	96.7	159.1	226.5	114.0	69.9	72.9	118.6	120.6	151.8	75.1	16.8	63.2	167.4	57.3	114.6	298.7	154.7	12.8	57.2	86.0	48.9	249.4	65.8	45.6	120.6	30.9	62.4	42.9	31.7	182.0	90.9	23.1	94.2	157.4	228.9	141.9	221.0	53.7	31.3	145.7	56.8	210.1	139.3	74.7	98.5	82.0	169.3	282.9	78.3	40.1	24.6	65.8	72.397766	68.6	198.7	137.4	57.8	80.81396	38.4	67.7	28.629501
1975	53.393665	55.7	88.4	65.0	74.9	146.4	147.8	97.2	148.5	62.2	89.3	120.0	122.7	96.1	45.3	30.9	60.1	111.1	58.0	72.3	143.7	113.3	18.7	66.3	85.7	58.1	140.1	61.4	47.2	155.4	32.1	70.6	51.7	35.7	133.8	98.1	43.6	87.6	73.5	100.3	91.4	92.9	49.7	36.5	141.6	65.8	490.2	118.0	77.9	90.4	91.3	202.2	160.5	67.0	50.1	32.6	79.3	86.43123	75.5	92.7	127.1	70.9	92.441864	32.8	51.3	31.24274
1976	62.099293	53.0	78.8	67.3	74.8	132.6	333.3	152.5	362.9	69.7	127.5	163.8	186.6	111.6	62.4	37.9	78.9	109.3	68.3	103.2	127.8	107.2	27.2	72.6	85.7	69.9	177.6	73.7	51.3	81.9	28.9	71.5	45.5	37.5	111.1	126.9	51.1	93.2	73.5	129.6	137.1	65.0	65.6	41.3	177.5	80.4	574.2	87.4	95.0	87.6	91.2	164.6	147.4	103.3	43.2	35.9	69.8	70.35316	69.6	170.3	119.6	74.6	131.39536	43.1	49.3	33.042976
1977	80.36454	58.2	63.4	71.3	90.4	167.2	357.8	147.9	368.5	67.7	90.3	187.5	189.1	131.7	60.9	44.6	80.1	127.4	75.4	147.9	80.5	99.8	35.7	62.7	86.0	82.2	193.8	82.8	54.1	70.1	36.4	77.6	47.8	39.1	136.9	137.5	42.8	100.9	75.0	138.8	117.7	66.7	76.8	39.8	267.5	78.4	605.0	84.0	96.5	69.7	100.0	186.1	137.8	82.5	47.6	40.3	73.3	79.5539	69.5	172.1	101.4	76.1	159.30232	53.1	59.1	35.19164
1978	89.78395	66.2	67.3	115.6	85.5	149.4	442.2	247.5	255.2	82.7	120.8	208.9	158.9	146.8	78.4	64.3	74.5	155.2	97.6	185.0	123.6	102.3	40.8	62.7	86.5	111.0	260.8	71.2	61.6	66.3	53.6	94.1	54.5	40.9	140.0	177.5	57.7	127.1	72.8	160.9	134.9	73.5	86.7	56.9	303.7	81.1	605.7	107.4	103.7	86.1	133.0	208.7	180.2	99.5	61.7	70.4	83.5	89.21933	88.5	263.9	106.6	73.1	175.0	63.8	76.6	37.86295
1979	121.94889	77.0	81.1	139.3	98.5	152.4	357.0	259.2	373.2	119.5	124.8	240.1	183.4	103.4	60.0	67.0	81.6	126.7	97.1	253.7	162.0	120.3	55.7	94.9	88.0	113.3	261.0	71.6	162.8	75.4	65.0	97.5	52.9	45.9	155.1	216.2	72.9	467.3	119.9	169.2	131.2	110.8	82.6	83.7	350.2	79.3	570.7	134.7	123.0	93.8	130.2	163.0	162.9	98.6	74.1	69.1	81.2	69.7026	104.6	263.9	122.8	70.9	180.23256	72.1	167.6	42.16028
1980	91.17966	83.5	109.6	123.7	107.8	161.4	236.3	172.7	255.3	101.4	150.6	264.2	227.0	169.5	327.8	58.8	97.6	124.1	102.4	160.3	210.4	151.0	74.0	87.3	84.9	104.1	212.4	59.7	163.3	106.8	50.3	108.9	55.1	52.2	203.0	225.3	56.3	351.5	102.9	166.9	157.5	170.1	85.8	55.6	316.1	77.2	378.2	150.1	132.0	98.0	132.2	182.6	177.7	121.2	70.3	57.5	84.4	78.06692	101.6	187.2	146.4	78.6	222.09302	80.7	198.3	47.851337
1981	72.073166	93.9	80.0	106.1	157.3	186.4	235.7	155.6	214.5	89.4	102.9	247.7	162.6	103.4	127.4	46.0	97.6	111.1	102.0	146.0	159.4	109.7	91.8	75.1	75.6	110.5	188.1	46.5	144.2	113.1	138.9	103.7	54.8	57.3	160.5	141.8	59.1	180.8	90.4	130.1	124.2	101.8	73.3	57.4	341.4	84.2	329.1	141.6	126.6	112.5	123.7	175.0	143.9	97.2	63.9	53.0	84.0	74.814125	99.7	155.7	143.6	85.0	236.04651	64.5	151.1	52.787457
1982	62.92779	77.4	61.9	111.6	140.9	180.9	184.1	120.3	234.5	79.6	105.2	205.3	162.6	66.9	121.5	42.0	112.9	93.3	70.9	97.0	109.0	109.7	111.4	48.9	76.7	94.3	147.0	47.0	126.6	96.9	118.1	109.1	53.5	60.5	121.5	129.7	89.1	227.0	79.4	111.1	111.8	76.1	82.0	49.8	258.3	88.3	283.6	126.9	111.2	89.4	126.0	253.0	113.1	90.6	66.1	46.4	80.2	103.15985	103.6	131.3	123.1	83.1	227.90698	64.5	163.8	56.03949
1983	98.73813	77.2	90.3	103.9	123.0	157.8	284.6	313.7	250.8	76.4	135.7	175.5	196.4	125.8	157.9	65.6	100.7	139.3	73.1	86.6	137.5	148.5	111.0	63.6	71.5	109.7	280.0	95.9	116.9	84.4	79.4	118.2	63.3	62.5	123.0	181.6	72.5	195.6	82.9	183.6	155.4	84.5	120.3	54.2	270.6	93.6	308.1	120.0	102.1	110.6	112.1	185.5	169.3	113.7	73.2	47.0	86.3	91.54275	97.7	291.8	146.3	76.9	231.97675	66.8	143.1	57.83972
1984	69.82984	67.5	71.1	99.8	97.6	145.4	239.8	275.1	244.2	71.3	109.3	163.2	127.9	131.0	98.1	52.4	90.8	313.0	68.3	89.4	166.0	118.2	109.3	66.4	73.1	102.7	246.9	97.7	111.1	87.4	106.3	117.2	60.7	69.9	105.3	127.8	74.3	143.5	83.1	180.6	116.7	66.5	126.8	43.4	251.4	98.6	213.6	119.2	106.6	108.1	114.9	222.3	168.4	75.5	72.9	67.1	100.6	92.00744	101.2	251.5	134.3	72.5	245.34883	66.8	117.9	60.33682
1985	66.17806	64.3	61.5	100.2	75.3	135.5	266.5	116.5	299.6	75.1	73.2	207.0	113.3	118.8	90.0	71.7	92.3	114.8	71.2	84.7	135.4	112.9	96.9	55.9	72.8	102.9	133.9	168.4	110.0	77.5	106.1	114.0	63.8	59.6	99.7	117.0	93.7	126.2	74.1	140.3	103.2	67.4	67.4	47.2	182.7	88.2	163.9	93.5	102.9	82.7	112.5	199.7	186.8	75.5	69.0	73.5	94.5	85.873604	92.4	106.4	117.1	71.4	207.55814	60.1	118.5	62.48548
1986	72.07954	70.2	53.8	98.2	85.4	129.3	221.3	94.6	221.8	71.9	90.7	220.5	115.4	76.0	107.5	72.7	91.2	92.6	76.8	111.3	80.8	72.8	87.5	48.7	83.4	117.8	119.0	209.5	62.9	78.3	120.2	122.1	71.6	78.3	83.7	136.9	70.4	115.0	75.0	103.5	97.3	75.8	74.3	57.5	135.7	97.0	233.2	74.0	107.6	104.9	118.7	221.6	119.3	75.0	65.4	80.9	104.0	87.82528	95.1	115.3	93.7	71.3	196.51163	68.8	144.0	63.646923
1987	116.194	87.5	67.3	113.0	115.4	115.9	212.4	148.9	209.6	154.7	114.0	279.1	146.5	76.1	72.5	97.8	87.9	133.3	93.1	142.2	87.6	86.3	54.2	104.7	92.5	143.5	162.8	190.6	68.5	70.9	126.9	116.6	63.7	103.3	119.9	174.3	100.3	145.6	76.5	131.3	117.7	88.8	76.2	116.3	147.3	90.9	233.2	85.8	167.0	104.5	115.3	145.7	138.3	107.5	71.6	89.2	81.2	76.67286	105.7	169.9	82.7	67.9	197.67442	75.7	179.1	65.9698
1988	156.66306	113.2	81.1	115.5	101.6	130.2	168.4	165.4	234.1	188.8	93.0	206.6	146.2	80.9	85.5	90.1	84.4	137.0	93.1	157.4	157.3	121.9	45.7	231.2	97.1	142.8	170.8	121.5	58.2	82.3	102.3	112.4	77.5	117.2	122.6	174.8	73.4	131.0	84.7	154.9	156.5	105.6	73.5	84.5	158.1	91.3	168.1	145.7	204.4	187.0	109.0	120.3	164.3	130.2	82.1	80.4	97.4	80.390335	107.0	175.6	111.9	75.6	146.51163	86.0	154.5	68.69919
1989	104.072395	111.9	84.5	129.4	143.1	148.0	108.6	128.2	114.0	130.6	117.9	159.9	128.1	126.0	103.7	106.6	96.7	144.4	91.9	153.2	190.3	112.9	42.3	120.4	109.3	142.9	120.3	72.1	77.5	93.3	91.0	114.4	77.1	135.0	129.8	136.6	52.3	118.6	103.7	127.3	113.4	122.9	93.0	97.0	145.8	115.3	126.1	125.6	170.3	172.6	120.3	146.4	167.8	94.3	86.0	85.9	103.3	92.75093	109.9	133.0	120.4	103.7	147.67442	99.3	150.9	72.00929
1990	96.998276	111.9	103.7	141.0	108.9	148.4	145.3	77.8	135.9	134.1	127.3	215.2	104.9	149.1	186.0	99.5	112.9	151.9	102.1	134.6	158.4	106.4	60.6	111.5	133.3	140.5	125.8	51.1	108.8	92.6	99.0	116.0	77.2	106.9	123.9	139.4	75.7	87.2	106.6	142.2	115.1	112.4	89.5	90.8	123.1	117.1	135.9	80.9	128.9	154.6	141.0	194.5	179.2	89.6	89.6	61.9	95.3	93.86617	119.8	105.1	118.1	173.0	152.32558	104.7	138.8	75.900116
1991	70.072014	91.1	87.1	139.5	132.3	147.2	153.1	171.2	113.2	119.1	93.8	184.8	115.7	88.2	81.3	83.6	120.7	114.8	90.9	114.6	96.7	110.9	64.6	97.6	126.1	190.8	162.1	55.8	70.1	97.1	112.4	114.3	76.8	76.1	128.1	128.1	55.4	83.8	80.9	128.7	109.7	107.9	77.1	105.0	118.1	126.6	103.6	106.2	103.7	143.0	107.0	96.6	163.4	90.6	74.7	62.4	89.2	66.9145	111.8	182.3	119.4	198.3	222.67442	130.03473	133.2	79.09408
1992	77.05054	70.1	91.9	129.0	129.2	138.7	115.9	138.7	112.4	119.4	82.0	181.5	103.8	89.2	80.8	95.2	115.0	88.5	94.0	98.5	120.9	97.7	59.8	78.6	107.4	137.3	153.8	53.1	72.0	95.4	111.9	83.5	80.1	75.0	131.4	140.0	74.3	79.5	70.6	138.0	112.4	100.8	83.7	124.0	121.8	102.0	140.1	114.3	93.0	130.2	105.6	97.1	158.8	96.7	85.5	91.7	90.3	77.36989	108.5	133.0	116.8	189.3	229.06976	131.90553	123.3	81.47503
1993	69.54942	93.5	78.9	123.3	120.4	130.5	152.3	149.9	131.8	93.0	89.2	142.7	79.7	130.7	143.8	93.7	101.0	168.5	109.9	99.3	119.1	126.0	64.6	70.2	103.1	103.9	170.2	89.3	53.6	75.4	115.9	80.0	87.3	56.4	142.6	129.3	75.4	106.5	93.4	187.5	136.0	107.6	75.2	163.5	101.7	89.7	138.0	107.6	89.8	118.0	112.5	105.1	254.1	105.7	77.5	83.7	97.8	75.27881	110.9	179.8	112.5	151.0	252.90698	123.59945	141.2	83.914055
1994	119.71194	121.2	99.9	139.8	121.4	125.1	156.5	196.1	284.9	160.9	131.2	161.9	83.7	153.0	96.3	106.9	91.9	85.2	102.3	136.9	168.9	106.6	62.1	116.7	137.9	75.2	271.9	112.3	65.2	75.4	110.4	80.7	83.3	97.2	127.8	219.7	86.8	102.2	88.2	194.7	110.8	127.4	73.7	149.9	130.3	92.7	145.7	129.2	144.5	138.0	105.9	83.0	193.3	81.6	73.0	95.9	99.8	65.52045	99.9	207.7	118.0	107.8	294.76746	213.49866	139.8	86.06272
1995	105.65292	92.0	144.3	121.1	149.5	142.9	154.7	209.4	196.6	157.5	134.3	128.1	130.8	141.9	110.4	85.7	98.6	170.4	97.6	157.1	160.2	154.0	68.4	110.3	192.3	143.4	248.5	112.7	72.6	80.0	130.5	86.8	95.2	130.6	165.1	253.3	79.9	110.4	115.9	168.8	141.9	123.3	81.6	135.3	135.8	96.8	166.0	164.6	119.0	125.9	115.6	130.6	162.2	117.5	72.8	71.8	100.7	80.85502	96.2	207.6	135.2	102.7	127.906975	99.47426	142.8	88.50174
1996	95.659935	107.4	116.4	114.3	155.5	144.8	165.1	229.4	177.6	122.3	118.9	139.4	127.6	124.7	98.0	106.4	104.2	148.1	147.6	148.7	145.6	121.4	74.8	89.8	239.9	140.4	230.2	139.3	94.5	89.1	132.1	103.2	106.0	78.9	162.6	201.1	83.8	102.8	128.1	154.3	138.2	118.1	91.3	134.0	128.9	112.8	206.7	136.2	118.7	125.6	133.1	139.7	144.0	121.7	71.3	94.5	112.7	103.15985	98.7	220.9	170.5	102.9	131.39536	136.04836	135.9	91.11498
1997	97.53999	95.8	112.1	104.4	126.1	139.3	194.8	190.4	264.1	95.1	112.9	118.5	154.4	152.0	105.4	96.5	104.7	88.9	117.4	113.4	159.4	118.1	62.3	81.2	140.5	114.2	208.3	266.1	69.8	93.3	127.2	106.7	91.0	85.1	125.3	120.1	96.4	122.5	111.8	166.7	137.1	114.1	111.6	102.4	101.2	125.5	175.1	120.3	124.6	105.4	108.1	103.2	177.0	113.7	84.5	104.1	105.1	65.52045	99.8	174.7	124.6	102.9	129.65117	113.03241	106.0	93.205574
1998	79.688995	85.2	90.5	103.2	121.3	117.0	170.7	207.2	183.5	79.7	85.0	121.2	111.3	123.4	93.8	79.8	107.7	95.2	94.5	108.0	174.8	99.1	48.6	52.8	126.8	124.2	265.1	206.6	41.8	98.3	124.2	93.2	105.5	65.4	139.0	106.7	82.9	104.8	125.0	159.4	110.2	98.3	90.3	95.9	94.8	107.2	118.9	101.7	84.1	89.6	69.8	34.9	170.6	75.9	74.5	83.1	113.4	40.929367	85.3	210.1	111.4	102.9	119.18604	81.24972	107.5	94.65738
1999	99.082275	80.1	83.6	106.7	100.4	99.0	102.9	208.1	179.0	95.3	67.1	126.2	92.0	115.6	102.4	91.3	95.8	111.1	105.9	103.3	114.5	90.6	51.9	110.3	126.8	109.7	169.9	197.1	101.9	100.6	107.3	98.6	95.1	84.4	118.9	108.1	83.8	111.7	83.5	106.6	91.4	78.1	95.5	116.5	109.2	109.0	135.0	85.1	94.6	111.0	101.7	93.0	120.8	75.9	94.3	92.3	104.2	93.47584	89.5	192.5	95.9	92.9	115.69768	76.37915	104.2	96.74797
2000	100.0	100.0	100.0	100.0	100.0	100.0	100.0	100.0	100.0	100.0	100.0	100.0	100.0	100.0	100.0	100.0	100.0	100.0	100.0	100.0	100.0	100.0	100.0	100.0	100.0	100.0	100.0	100.0	100.0	100.0	100.0	100.0	100.0	100.0	100.0	100.0	100.0	100.0	100.0	100.0	100.0	100.0	100.0	100.0	100.0	100.0	100.0	100.0	100.0	100.0	100.0	100.0	100.0	100.0	100.0	100.0	100.0	100.0	100.0	100.0	100.0	100.0	100.0	46.117466	100.0	100.0
2001	85.95373	117.1	118.8	98.7	99.8	119.8	149.8	93.5	71.9	79.5	65.1	93.0	125.5	95.9	87.5	81.3	104.2	129.6	115.4	104.2	105.1	95.9	81.9	72.6	109.5	137.8	121.8	64.5	75.4	95.6	99.9	97.5	102.8	64.7	89.4	78.6	69.5	93.6	98.5	106.3	86.0	86.9	77.6	83.3	75.6	98.7	133.1	102.9	97.7	75.9	99.5	86.6	176.3	78.8	91.8	93.9	104.8	90.185875	103.2	94.5	108.2	92.7	117.441864	74.340675	101.6	102.845535
2002	87.68721	127.7	135.3	83.6	80.8	113.0	226.9	132.0	87.8	86.0	83.8	117.9	128.9	122.6	93.5	82.8	101.9	85.2	134.0	95.2	178.6	111.2	71.6	98.46327	116.8	138.1	181.9	102.5	113.0	93.7	94.9	89.1	100.0	63.6	101.0	131.8	76.6	99.9	95.6	146.1	111.8	87.6	83.6	104.7	80.5	93.9	138.4	131.9	164.8	74.1	96.3	79.7	205.0	85.8	93.1	106.9	96.2	79.42379	92.3	133.7	115.6	92.7	150.0	148.7912	122.3	104.47154
2003	99.27984	83.8	116.4	107.0	107.1	109.7	184.4	151.7	96.7	118.9	111.7	125.7	136.0	164.9	113.8	83.6	111.0	90.7	141.5	148.9	169.9	116.4	91.6	193.81866	169.4	188.7	206.2	85.6	120.7	92.6	94.5	87.1	112.2	82.9	107.6	199.5	62.2	121.2	114.0	188.8	152.2	84.2	89.6	106.4	107.9	92.4	187.0	130.8	144.1	88.8	110.4	88.9	199.9	120.8	104.9	124.6	110.7	90.26022	113.2	174.0	121.1	117.9	732.55817	101.18362	149.9	106.8525
2004	118.0868	112.2	106.3	114.0	132.5	173.7	187.4	191.9	132.0	169.5	73.8	159.1	140.1	159.9	113.8	77.5	131.6	107.4	154.6	209.8	301.3	99.3	110.4	188.07729	185.4	222.0	188.2	82.6	155.4	93.7	103.7	101.7	119.7	95.4	135.9	195.3	56.6	152.7	130.1	137.6	107.0	97.7	92.8	111.1	165.5	93.6	287.1	114.2	144.3	107.9	132.4	131.8	250.9	83.0	117.0	123.8	138.4	119.64684	120.9	199.3	124.8	214.6	136.04651	272.51382	162.9	109.69802
2005	143.45166	128.17053	118.94919	120.09908	141.28139	129.29404	169.28247	158.94888	159.69972	247.08649	85.83359	117.73585	173.43338	136.02608	87.5	77.31378	225.77284	107.40741	126.14601	241.65642	192.61931	106.69299	177.09924	184.32666	203.57225	213.0024	176.52586	78.68822	229.1	96.0	108.681946	101.74482	115.78862	87.918106	141.89062	263.05594	57.06587	186.25644	130.14706	142.07317	116.666664	117.86383	93.480644	122.89261	127.64443	101.79964	497.61905	125.63623	123.28537	162.02095	118.9	110.847336	323.55005	99.0566	126.17019	129.55801	135.2045	110.427505	123.523315	164.98137	109.33523	140.18764	326.16278	322.04547	187.91675	113.414635
2006	179.95667	148.07353	174.33026	124.21031	118.2718	162.14534	190.65839	196.45647	197.14159	360.66562	90.23687	91.13207	260.59622	168.63213	120.0	86.46334	268.66968	107.40741	138.20033	368.72693	197.06236	166.97153	220.10178	470.02924	182.97433	256.55298	224.71872	133.80293	250.6	101.04686	114.04955	104.6892	112.76423	112.240486	159.56001	272.6073	67.12575	285.16296	130.14706	191.64635	130.64516	119.2696	103.0199	150.54002	206.93416	105.87715	932.35297	159.11197	166.08035	412.6916	123.8	110.646454	189.0184	97.169815	109.328316	97.51381	120.93023	112.86246	117.72021	215.54018	139.71022	157.5142	261.6279	286.25632	232.01326	117.07317
2007	151.85776	146.29144	229.71132	135.44357	196.08171	301.48352	237.44708	316.2274	219.09113	357.954	105.66353	122.64151	218.96167	255.24641	208.63126	80.234604	294.19937	137.03703	140.83192	564.382	378.44336	187.33112	217.8117	355.98184	174.59488	299.6149	383.6597	166.59029	367.2	162.12114	130.26498	126.06325	124.95935	119.175316	181.14386	379.73483	56.586826	306.86856	150.73529	313.10974	227.41936	110.83281	112.5012	151.51318	311.18808	118.63839	1285.7142	281.5524	217.12433	230.34273	122.9	97.297295	189.0184	165.56604	115.69105	83.425415	150.76183	97.41636	125.595856	339.2762	184.87955	234.30237	275.0	249.64214	295.89352	120.38328
