year	month	p1	p6	p7	p9	p10	p11	p12	p15	p17	p19	p22	p23	p24	p29	p33	p36	p37	p38	p42	p43	p44	p45	p47	p50	p54	p55	p65	p27	p2	p48	p5	p49	p16
2007	"M1"	2799.059	55.763	124.465	124.465	5689.341	59.052	1258.728	996.957	36.63	159.319	165.16	7.66	36821.59	54.554	71.264	94.239	6.252	12.839	19.915	249.7	796.353	11331.455	72.0	3784.864	221.79	119.25	631.166	550.785	640.163	172.567	14.064	715.511	96.671
2007	"M2"	2839.05	56.006	122.345	122.345	5718.15	57.892	1252.39	1000.0	36.63	155.381	177.385	7.17	41078.25	57.759	73.858	103.362	6.446	13.91	20.726	212.5	795.357	12890.2	76.25	3321.375	244.104	118.375	664.745	553.753	658.84	175.267	14.638	706.965	99.128
2007	"M3"	2757.08	56.925	116.615	116.615	6465.295	58.411	1268.875	1000.0	36.63	154.242	169.583	7.36	46125.227	62.144	76.307	101.723	6.25	13.184	20.827	203.27	791.455	13787.25	89.444	3256.182	239.532	118.4	654.895	566.388	646.66	173.313	15.197	724.755	99.179
2007	"M4"	2817.053	58.052	114.59	114.59	7753.342	57.178	1289.381	1000.0	36.63	157.18	152.631	7.72	49956.58	67.505	78.083	105.245	6.244	13.738	20.906	192.05	808.81	13952.842	110.429	3566.855	221.746	117.625	679.368	645.39	647.198	178.556	15.981	742.552	99.249
2007	"M5"	2804.605	58.457	112.52	112.52	7677.952	55.574	1266.924	1013.043	36.63	157.322	160.139	8.21	51783.332	67.477	79.652	107.442	6.35	13.146	21.011	190.04	806.213	14162.143	119.111	3847.524	227.672	116.625	666.86	740.615	691.809	178.006	18.606	788.253	98.464
2007	"M6"	2681.31	63.151	118.671	118.671	7514.238	60.439	1254.155	1095.238	36.63	159.245	164.537	8.48	41551.668	71.317	80.758	100.303	6.709	13.144	21.324	202.05	807.062	14078.833	136.222	3628.655	249.159	119.0	655.49	748.506	778.742	206.517	20.116	787.582	94.619
2007	"M7"	2738.091	72.794	116.801	116.801	7980.932	67.805	1212.95	1159.091	36.63	165.723	147.216	8.22	33400.227	77.205	81.161	94.167	7.022	12.909	21.118	211.91	826.409	14732.727	131.5	3546.295	252.566	117.5	665.295	764.47	735.183	222.002	21.215	761.635	86.582
2007	"M8"	2512.602	74.834	123.627	123.627	7500.205	66.618	1148.05	1200.0	36.63	164.307	151.031	8.61	27649.637	70.797	81.272	95.863	6.757	12.363	21.802	210.39	816.735	15046.977	109.6	3244.17	251.83	118.4	665.411	729.564	696.012	240.687	19.99	732.829	86.804
2007	"M9"	2394.963	73.554	128.035	128.035	7671.35	68.208	1109.223	1200.0	36.63	163.762	160.125	8.55	29548.4	77.129	81.563	98.112	7.101	12.834	21.005	231.25	819.621	14989.05	85.0	2887.6	288.777	118.25	712.653	745.18	666.436	297.952	20.215	765.241	86.701
2007	"M10"	2444.533	79.509	134.57	134.57	8020.587	68.933	1054.0	1282.609	36.63	167.722	164.114	9.16	31156.0	82.832	79.754	105.766	6.957	13.67	20.279	224.3	812.951	16068.348	77.5	2979.989	300.428	115.875	754.604	824.069	659.981	303.63	18.764	807.451	85.207
2007	"M11"	2507.152	93.117	130.332	130.332	6957.432	69.707	1031.14	1513.636	36.63	170.395	171.114	9.52	30505.637	92.528	77.795	112.615	6.887	14.702	20.038	209.64	806.268	16660.773	92.0	2554.602	315.245	117.66	806.248	877.613	653.566	286.496	19.158	828.195	86.288
2007	"M12"	2382.833	98.91	136.472	136.472	6630.736	69.587	1079.676	1669.048	36.63	165.915	180.283	10.27	26053.557	91.529	76.849	112.391	6.804	14.299	20.208	206.05	788.329	16244.722	91.8	2378.597	351.224	119.5	803.203	883.448	648.514	339.226	20.388	817.447	86.938
2008	"M1"	2456.125	98.486	139.054	139.054	7078.909	73.248	1114.493	1700.0	60.8	161.181	206.559	10.5	27774.773	92.007	77.283	119.006	6.741	15.961	20.264	229.7	812.616	16310.932	87.556	2364.409	376.329	121.325	889.595	987.02	679.798	336.117	19.528	840.863	84.2
2008	"M2"	2784.893	141.888	158.21	158.21	7941.143	75.055	1140.385	1700.0	60.8	173.376	220.048	10.75	28064.951	94.819	79.222	126.552	6.887	17.569	20.212	264.67	855.838	17269.81	76.0	2458.476	396.711	127.7	922.298	1109.498	790.581	393.874	17.197	843.77	82.5
2008	"M3"	3012.053	137.763	148.065	148.065	8434.316	80.179	1169.747	1700.0	60.8	178.74	233.926	10.63	31093.053	103.123	81.222	126.643	6.661	19.506	20.637	246.29	912.455	19799.078	73.714	2511.184	379.697	106.7	968.434	1146.859	1027.361	403.813	18.024	835.302	84.533
2008	"M4"	2968.034	131.737	137.735	137.735	8714.182	75.407	1184.367	1665.909	60.8	183.695	246.642	11.48	28776.818	110.189	82.03	128.594	6.836	17.5	20.537	260.91	940.975	21646.023	69.444	2278.511	375.317	103.75	909.705	1083.49	969.99	326.852	16.898	823.97	85.777
2008	"M5"	2908.278	143.076	139.737	139.737	8356.125	74.123	1191.92	1650.0	60.8	186.589	243.532	12.3	25656.5	123.495	83.508	138.278	6.907	17.052	20.833	265.14	933.584	23853.6	61.667	2178.325	369.374	124.2	888.663	1086.833	927.926	288.42	18.128	781.493	86.071
2008	"M6"	2967.869	166.99	144.079	144.079	8292.0	77.043	1208.778	1650.0	60.8	185.145	287.132	13.31	22562.57	133.049	85.696	146.17	7.356	16.969	21.897	284.52	932.886	22133.43	59.0	1906.174	436.914	129.5	889.488	1096.387	839.779	314.158	20.169	778.457	85.952
2008	"M7"	3067.457	195.186	145.353	145.353	8407.022	77.289	1265.053	1619.565	60.8	184.132	267.141	14.08	20106.957	133.899	88.138	144.933	7.522	18.034	23.179	287.48	932.773	22955.63	61.844	1856.446	452.193	133.0	939.772	1026.245	725.138	299.427	18.354	793.626	86.81
2008	"M8"	2762.56	173.304	145.766	145.766	7633.8	78.038	1240.638	1599.048	60.8	177.662	235.159	13.81	19111.8	113.85	88.546	132.746	7.248	14.686	23.148	321.9	879.394	19935.0	64.5	1734.65	388.397	135.5	839.025	791.769	801.105	304.164	17.39	717.569	88.156
2008	"M9"	2524.148	164.498	140.557	140.557	6975.114	73.586	1223.442	1572.727	60.8	170.129	233.946	12.6	17781.863	99.065	88.383	128.71	7.386	12.373	22.936	321.59	888.755	18306.592	63.0	1744.523	363.778	129.4	829.932	667.043	806.63	263.05	16.416	656.354	86.226
2008	"M10"	2122.028	119.366	121.407	121.407	4894.891	62.302	1101.429	1470.0	60.8	162.102	183.025	13.15	12144.87	72.843	87.543	87.077	7.074	10.441	21.616	282.39	861.696	14423.348	48.6	1303.004	290.842	115.917	806.62	486.396	808.011	202.775	16.8	510.283	87.417
2008	"M11"	1857.13	101.382	120.437	120.437	3729.188	55.061	1049.743	1268.0	60.8	145.131	164.304	9.1	10776.5	53.242	86.906	74.902	6.99	9.865	20.619	241.0	872.328	13674.15	50.5	1169.363	292.756	115.0	760.863	433.138	904.696	194.115	15.464	450.981	83.237
2008	"M12"	1504.417	82.609	116.971	116.971	3105.095	55.469	1032.269	1217.391	69.983	140.806	158.91	7.38	9846.929	41.253	87.022	55.356	6.98	10.285	20.004	228.48	845.8	11292.143	54.333	1112.905	292.944	111.25	816.092	442.663	842.541	188.845	15.221	477.834	54.761
2009	"M1"	1420.36	85.562	128.028	128.028	3260.357	57.695	1037.302	1154.091	72.509	137.4	173.295	6.03	11562.952	44.719	87.242	67.348	6.222	11.291	20.572	261.59	818.449	11563.333	51.444	1202.524	338.498	114.125	858.69	522.003	814.917	211.276	10.924	464.594	42.0
2009	"M2"	1338.063	80.823	128.509	128.509	3328.413	55.21	1046.768	984.0	75.59	133.922	163.4	5.83	10410.75	43.243	86.698	66.367	6.111	13.413	19.94	270.0	806.652	11074.775	47.0	1118.003	321.869	107.125	943.163	528.713	921.961	195.225	9.338	449.721	46.605
2009	"M3"	1338.08	65.452	127.764	127.764	3770.875	51.5	1054.068	900.0	64.073	131.971	164.577	6.25	9710.727	46.839	85.727	64.901	6.355	13.117	20.457	262.86	815.856	10689.409	43.375	1223.218	314.504	112.375	924.273	557.288	906.077	199.101	10.359	460.468	40.631
2009	"M4"	1431.813	66.271	134.58	134.58	4436.925	56.775	1055.712	900.0	59.782	139.442	168.796	6.47	11331.6	50.983	85.67	73.771	6.107	12.515	21.774	277.41	815.684	11830.2	41.719	1388.138	349.569	115.5	890.2	693.212	897.79	200.888	10.762	516.602	36.703
2009	"M5"	1466.671	67.015	147.34	147.34	4591.461	61.95	1117.441	916.667	62.69	143.131	180.07	6.79	12720.079	57.941	86.988	76.805	6.375	14.029	22.065	288.0	855.422	13814.895	48.556	1492.518	408.164	119.6	928.645	772.385	852.901	227.186	9.823	599.314	38.463
2009	"M6"	1579.627	75.813	145.173	145.173	5015.432	61.389	1164.082	957.727	71.659	153.368	179.394	6.97	14944.364	68.617	88.125	75.96	6.476	14.654	22.473	287.14	817.9	15005.25	51.5	1556.773	441.716	122.125	945.67	690.818	850.829	227.315	9.897	609.145	49.036
2009	"M7"	1670.557	77.62	137.871	137.871	5228.413	64.798	1222.51	966.087	83.952	154.134	151.8	8.05	16017.391	64.91	88.587	79.343	6.354	13.362	23.015	337.65	760.275	13923.435	49.7	1580.859	385.854	124.0	934.228	601.95	828.729	195.326	10.012	609.302	53.888
2009	"M8"	1927.638	77.882	146.866	146.866	6176.875	64.255	1295.401	980.0	97.667	155.766	152.036	8.48	19375.926	72.505	86.905	93.205	6.292	14.348	25.036	328.38	769.668	14761.65	47.188	1818.013	397.299	124.0	949.375	686.79	835.635	179.554	11.137	655.487	73.375
2009	"M9"	1835.598	73.149	145.669	145.669	6195.75	64.073	1362.818	990.909	80.714	154.61	150.593	8.55	17404.637	67.687	84.966	98.553	6.655	16.39	27.343	374.41	784.272	14936.227	44.278	1879.148	342.184	124.125	996.591	636.42	818.37	156.93	11.953	690.91	74.125
2009	"M10"	1875.664	75.704	151.95	151.95	6305.989	66.82	1463.866	1000.909	86.786	152.027	167.279	8.75	18489.477	73.194	82.875	106.693	6.623	17.236	28.368	344.77	805.104	15037.409	46.111	2070.845	328.539	120.5	1043.159	636.558	811.464	163.726	12.792	743.586	65.938
2009	"M11"	1956.548	82.265	150.228	150.228	6682.44	71.776	1557.8	1042.381	99.257	155.549	171.687	8.56	16911.332	77.037	82.139	115.714	6.562	17.821	29.455	361.05	821.057	14966.143	44.75	2196.548	337.632	125.0	1127.036	674.33	835.635	177.607	14.027	756.798	74.002
2009	"M12"	2181.257	86.36	155.861	155.861	6976.976	76.783	1692.45	1142.609	105.248	151.992	164.613	9.16	17121.62	74.7	82.156	127.233	6.328	17.673	31.53	374.22	795.956	15588.69	44.438	2374.038	345.585	127.0	1134.724	727.599	801.105	171.155	14.704	780.396	77.43
2010	"M1"	2230.113	100.144	154.402	154.402	7367.375	77.39	1748.376	1214.286	125.914	152.321	167.336	9.34	18405.55	76.412	82.99	139.791	6.451	17.787	29.911	338.667	792.443	17710.2	43.825	2414.663	325.849	133.875	1117.963	742.004	782.689	167.822	14.389	840.733	83.553
2010	"M2"	2053.27	98.159	155.924	155.924	6867.675	80.048	1709.785	1218.0	127.615	147.783	161.907	9.01	19060.55	74.312	83.25	141.866	6.282	15.873	29.621	332.35	781.0	16352.3	42.1	2158.8	303.664	141.75	1095.413	754.319	790.746	160.162	14.269	814.059	83.5
2010	"M3"	2210.53	100.099	162.127	162.127	7466.935	85.786	1793.863	1200.0	139.77	142.381	158.928	9.17	22467.174	79.275	83.957	151.437	6.214	17.106	27.73	332.609	790.102	17509.13	40.911	2277.263	292.601	152.1	1113.337	793.901	842.541	156.464	13.066	847.369	85.207
2010	"M4"	2314.278	104.963	171.062	171.062	7729.838	88.075	1961.105	1202.727	172.468	144.955	157.267	9.34	26028.5	84.929	85.239	179.087	6.622	18.1	26.148	313.591	820.209	18634.6	41.325	2367.5	308.049	164.75	1148.688	798.533	828.415	156.825	12.88	817.974	91.714
2010	"M5"	1044.711	107.935	174.009	174.009	6843.158	90.071	1907.784	1230.0	161.348	138.194	163.24	10.04	21930.0	76.251	86.476	166.911	6.415	18.418	25.325	286.143	836.471	17565.025	41.3	1969.789	305.737	157.75	1205.434	775.566	872.468	158.328	13.306	764.185	93.563
2010	"M6"	1929.409	104.484	193.524	193.524	6501.5	91.683	1817.126	1189.091	143.632	138.059	152.874	9.28	19411.295	74.838	87.17	161.741	6.934	18.455	27.61	262.364	841.092	17257.727	40.778	1746.511	314.319	144.806	1232.92	764.909	964.842	149.213	13.536	762.812	93.455
2010	"M7"	1989.045	102.862	205.247	205.247	6750.568	84.15	1705.029	1180.0	126.364	143.139	163.922	9.09	19548.523	74.735	87.822	148.515	7.311	17.96	29.215	259.182	871.183	18206.523	41.944	1847.027	335.092	145.386	1192.966	774.501	987.067	182.739	13.734	779.238	93.119
2010	"M8"	2110.44	96.847	212.8	212.8	7302.667	90.345	1673.826	1210.909	145.341	146.999	175.6	8.85	21448.785	76.693	87.792	150.416	7.195	18.357	30.998	315.091	892.185	20733.07	46.063	2047.476	339.136	152.5	1215.81	865.229	896.534	219.877	15.074	788.426	91.452
2010	"M9"	2171.243	100.117	222.1	222.1	7729.591	104.732	1632.185	1272.273	140.627	147.03	205.84	8.98	22690.137	77.787	87.746	160.244	7.401	20.55	35.221	337.182	875.964	22694.363	46.667	2150.943	334.058	152.5	1270.977	884.893	883.978	240.432	16.172	791.254	88.538
2010	"M10"	2342.179	103.207	215.837	215.837	8289.762	126.552	1665.711	1296.19	148.481	149.512	235.703	9.52	23793.68	82.918	86.718	178.024	7.657	23.393	34.743	339.857	880.175	26237.096	48.833	2373.562	353.747	154.75	1342.024	935.218	921.797	234.6	16.799	856.1	91.052
2010	"M11"	2324.045	112.584	227.96	227.96	8458.42	155.468	1662.629	1300.0	160.55	150.754	238.237	10.0	22836.227	85.67	85.727	195.323	7.261	26.541	38.089	331.682	901.452	25403.092	57.163	2283.295	376.04	156.5	1369.886	1059.01	908.149	241.84	15.706	879.703	90.986
2010	"M12"	2356.669	123.786	237.328	237.328	9152.857	168.224	1593.205	1359.13	168.526	147.141	250.626	9.95	24099.57	91.797	85.328	215.275	7.297	29.349	38.004	352.13	896.989	26103.857	60.625	2287.321	387.508	173.028	1390.553	1171.216	897.79	274.457	13.898	884.306	91.068
2011	"M1"	2439.7	140.994	262.945	262.945	9533.2	178.928	1607.458	1568.571	179.63	147.57	265.286	10.81	25621.225	96.295	85.0	250.362	7.616	28.403	39.672	368.095	907.782	27439.35	63.875	2375.813	412.072	185.625	1356.4	1238.572	949.421	295.989	13.434	1003.416	81.19
2011	"M2"	2515.26	134.624	288.083	288.083	9880.938	213.175	1612.82	1600.0	187.18	150.318	293.397	11.89	28412.176	103.955	85.263	280.788	7.411	30.779	40.367	349.75	927.809	31619.65	65.0	2473.45	410.158	183.725	1372.725	1248.553	1013.122	317.601	16.383	1059.587	81.737
2011	"M3"	2555.5	135.971	294.483	294.483	9503.359	229.667	1755.645	1600.0	169.357	152.526	290.435	12.18	26710.348	114.441	86.058	245.782	7.826	35.813	36.109	330.652	929.217	30590.936	63.5	2341.478	393.928	187.717	1424.011	1142.231	994.175	285.376	19.207	1209.436	85.478
2011	"M4"	2667.417	131.526	302.709	302.709	9482.75	216.617	1760.732	1600.0	179.261	154.078	318.939	14.41	26332.168	123.15	86.409	265.492	8.059	41.966	35.76	325.333	946.209	32347.693	57.821	2371.478	388.223	193.0	1473.806	1123.787	1013.467	307.254	16.706	1309.261	88.357
2011	"M5"	2587.213	127.963	293.058	293.058	8931.675	165.52	1590.953	1659.091	177.095	154.326	308.575	15.75	24164.55	114.458	86.561	232.074	7.822	36.75	34.198	327.682	958.126	28571.4	56.063	2159.6	388.255	184.114	1510.438	1143.436	1022.099	307.195	16.48	1302.507	84.381
2011	"M6"	2557.761	128.362	277.778	277.778	9066.852	164.925	1507.999	1776.364	170.877	153.145	310.536	16.29	22420.932	113.758	86.947	223.803	7.712	35.795	35.125	334.045	973.158	25519.682	55.4	2234.466	391.536	178.364	1528.659	1075.908	986.313	285.298	18.888	1385.672	86.261
2011	"M7"	2525.419	128.989	269.18	269.18	9650.464	149.25	1469.076	1683.335	172.976	152.236	300.832	16.29	23847.951	116.461	87.337	214.64	7.625	37.917	37.886	356.143	969.42	27398.096	52.789	2397.755	389.287	177.762	1572.81	1033.572	964.22	271.462	21.066	1358.235	85.605
2011	"M8"	2380.975	127.462	273.542	273.542	8997.989	114.098	1455.061	1819.882	177.45	153.801	310.307	17.7	21864.682	110.081	88.123	212.113	8.018	40.298	39.609	358.174	973.599	24056.727	50.683	2199.239	393.798	180.848	1755.807	1047.512	960.245	288.688	21.511	1248.453	85.772
2011	"M9"	2293.461	130.562	275.585	275.585	8300.136	116.877	1346.897	1837.729	177.227	147.539	296.299	17.78	20377.592	112.447	88.97	206.453	7.66	38.155	39.284	362.273	952.681	22526.602	51.983	2075.22	381.846	175.932	1771.852	995.179	945.505	272.341	19.02	1170.501	82.214
2011	"M10"	2180.648	127.913	248.493	248.493	7394.19	110.612	1352.342	1829.288	150.433	147.525	274.846	17.6	19039.049	109.469	89.0	184.206	8.255	31.975	38.197	357.143	954.176	21868.643	52.338	1871.417	347.454	174.281	1665.214	914.437	956.327	251.589	17.913	1053.653	80.214
2011	"M11"	2079.982	122.745	249.504	249.504	7581.023	104.684	1402.342	1860.663	135.541	142.427	274.278	17.89	17873.0	110.504	89.214	152.945	8.054	33.082	38.106	351.273	892.751	21291.705	53.194	1935.318	329.092	186.682	1738.977	985.766	959.317	244.538	18.909	1133.174	74.619
2011	"M12"	2024.375	118.176	243.145	243.145	7558.875	95.445	1369.684	1853.527	136.455	134.344	258.518	18.05	18246.037	107.97	89.828	153.517	7.802	30.412	36.558	333.364	888.436	19386.912	52.179	1911.15	320.683	190.091	1652.306	969.073	946.76	236.06	18.584	1167.978	71.976
2012	"M1"	2151.333	123.086	240.89	240.89	8061.917	101.114	1295.046	1858.539	140.348	130.559	272.92	17.46	19908.62	110.994	90.371	164.475	7.852	30.769	35.356	337.273	876.999	21547.701	52.313	1989.226	347.603	190.932	1656.119	1020.536	942.993	243.702	17.121	1281.079	70.214
2012	"M2"	2207.917	124.967	225.494	225.494	8441.488	100.745	1315.216	1885.514	140.395	125.161	279.514	16.71	20393.668	119.702	91.198	181.552	8.198	34.14	33.986	341.0	885.069	24293.31	52.056	2057.786	364.49	194.095	1742.619	1047.688	1045.12	245.98	16.229	1391.474	76.476
2012	"M3"	2184.159	114.151	201.851	201.851	8470.784	99.505	1319.333	1807.744	144.664	117.422	280.715	18.42	18660.807	124.929	92.765	178.219	7.789	32.953	33.482	341.0	886.536	22985.432	51.289	2035.925	405.235	194.364	1673.773	1105.742	1151.431	243.494	15.543	1340.629	82.955
2012	"M4"	2048.505	110.354	193.351	193.351	8285.526	100.097	1408.095	1717.786	147.647	110.659	274.219	19.57	17892.816	120.591	93.258	174.404	7.581	31.552	31.929	341.0	896.381	22114.525	51.3	2002.684	440.616	192.095	1650.066	1157.449	1029.334	228.086	15.718	1282.978	84.131
2012	"M5"	2002.523	103.819	186.346	186.346	7896.909	88.534	1518.003	1619.488	136.273	98.777	268.885	18.33	16968.318	110.522	94.076	169.106	7.462	28.666	30.37	341.0	892.158	20295.342	51.889	1928.011	459.418	187.304	1585.505	1031.124	955.441	228.88	15.237	1231.116	86.045
2012	"M6"	1885.513	92.755	169.79	169.79	7428.289	82.182	1642.303	1546.315	134.621	91.069	267.329	19.38	16603.684	95.589	94.5	145.091	7.478	28.047	28.892	341.0	862.84	19255.395	50.833	1855.934	464.015	183.595	1596.697	927.628	956.327	241.966	15.611	1203.796	84.476
2012	"M7"	1876.25	91.364	190.773	190.773	7584.261	83.968	1735.119	1541.451	127.936	90.323	332.999	19.1	16128.409	103.141	94.722	139.632	7.157	27.432	28.709	345.588	857.918	18546.092	50.356	1847.75	552.536	180.364	1593.909	952.539	966.851	310.746	16.533	1223.296	84.238
2012	"M8"	1843.327	93.456	175.967	175.967	7510.432	84.398	1755.74	1515.534	107.795	88.173	332.233	18.39	15703.989	113.34	95.022	126.693	7.18	28.697	28.831	353.177	856.658	18675.557	49.25	1816.318	585.754	183.13	1626.034	930.614	954.84	315.548	17.787	1122.964	86.348
2012	"M9"	2064.12	93.182	179.603	179.603	8087.743	84.15	1716.053	1588.561	99.47	90.356	320.706	18.76	17287.963	113.383	95.646	137.822	7.208	33.609	25.763	358.232	878.197	20771.264	47.725	2009.85	559.556	180.25	1744.45	879.534	966.851	316.653	18.887	1054.296	82.895
2012	"M10"	1974.304	86.885	172.374	172.374	8062.033	81.952	1694.589	1637.412	113.948	90.219	321.382	17.27	17168.738	111.973	95.841	145.329	7.071	33.187	24.154	368.161	873.363	21233.695	44.611	1903.959	519.908	181.543	1747.011	768.091	959.044	318.408	20.874	1068.366	87.283
2012	"M11"	1948.83	87.22	160.643	160.643	7711.227	80.873	1902.056	1675.891	120.345	89.525	321.597	16.83	16335.364	109.712	96.621	134.905	7.256	32.773	22.708	368.115	870.049	20713.068	41.5	1912.398	490.597	192.023	1721.136	743.13	937.343	319.46	20.85	1104.832	87.5
2012	"M12"	2086.763	96.076	154.63	154.63	7966.487	83.374	2190.077	1863.897	128.874	93.515	308.75	17.52	17448.5	109.64	97.679	141.054	7.38	31.963	22.565	351.436	879.938	22880.895	43.667	2040.429	489.685	195.619	1688.529	713.936	945.804	303.039	18.775	1194.941	90.875
2013	"M1"	2037.607	96.952	158.273	158.273	8053.739	85.507	2088.601	1985.409	150.491	95.757	303.36	17.79	17494.068	112.929	99.091	149.851	7.387	31.112	22.594	338.865	870.594	24598.898	42.75	2031.409	456.814	195.391	1670.955	776.541	933.822	288.21	18.042	1246.587	91.429
2013	"M2"	2053.595	100.347	152.998	152.998	8060.925	89.71	1882.599	1923.498	154.639	96.392	302.61	17.72	17690.1	116.455	100.208	144.51	7.495	30.329	21.845	320.904	842.885	24211.738	43.406	2128.688	469.155	194.275	1627.588	792.38	925.414	271.679	17.201	1234.894	91.5
2013	"M3"	1911.283	97.317	153.012	153.012	7652.375	94.448	1783.982	2366.6	139.87	94.001	309.579	18.31	16731.7	109.24	101.472	135.048	7.48	28.799	21.536	297.395	822.004	23302.0	42.281	1929.15	467.953	191.786	1592.863	771.871	938.569	263.342	16.971	1207.472	94.857
2013	"M4"	1861.024	93.233	152.96	152.96	7221.162	92.535	1834.489	2433.048	137.391	96.242	279.765	17.71	15629.31	102.875	102.617	130.037	7.763	25.199	20.73	266.311	834.368	21589.643	41.413	1855.6	446.361	191.682	1485.083	756.461	912.23	264.17	17.525	1112.846	101.682
2013	"M5"	1832.571	93.126	151.425	151.425	7248.714	92.623	1835.817	2529.905	124.01	102.485	295.369	16.94	14948.226	103.027	104.163	137.804	8.102	23.012	20.309	272.365	833.201	20781.62	40.605	1831.012	476.745	179.587	1413.5	763.381	907.999	276.045	18.548	1086.814	100.409
2013	"M6"	1814.538	89.643	138.855	138.855	7000.238	93.08	1743.889	2600.189	114.815	104.74	297.112	17.69	14280.275	103.11	105.542	127.469	8.309	21.109	19.609	254.022	844.603	20267.4	39.938	1839.013	503.563	174.25	1342.363	763.044	911.602	266.851	18.082	1099.705	98.775
2013	"M7"	1769.609	82.222	138.44	138.44	6906.641	92.615	1598.54	2243.39	127.191	103.717	279.013	16.98	13750.315	107.716	106.409	116.26	8.0	19.71	20.463	256.155	827.703	19563.826	38.022	1837.62	528.338	176.583	1286.724	729.857	925.414	257.473	17.416	1010.888	99.364
2013	"M8"	1816.236	82.221	135.63	135.63	7186.25	92.714	1621.796	2506.111	137.055	107.634	234.939	17.0	14308.262	110.965	106.5	116.526	8.505	21.838	21.36	248.041	845.046	21638.215	34.994	1896.393	470.988	176.265	1347.095	722.835	937.971	258.926	17.983	964.492	95.568
2013	"M9"	1761.305	83.296	132.78	132.78	7159.269	90.093	1525.27	2291.862	134.186	110.881	207.49	17.01	13801.393	111.621	106.198	119.662	9.015	22.564	21.581	230.494	865.133	22735.07	34.453	1846.881	490.192	175.595	1348.798	725.797	939.227	257.5	18.102	1077.572	92.714
2013	"M10"	1814.583	85.444	128.828	128.828	7203.022	89.348	1520.092	2338.334	132.573	114.049	201.78	16.49	14117.652	109.479	105.278	114.963	9.697	21.917	22.194	221.719	876.956	23101.588	34.848	1884.837	460.828	178.065	1316.185	762.621	936.824	278.15	18.237	1139.88	95.283
2013	"M11"	1747.964	88.363	122.748	122.748	7070.655	84.648	1549.365	2392.169	136.324	118.782	199.182	16.71	13684.012	108.077	104.665	112.925	10.179	20.758	21.607	235.258	878.248	22826.88	35.592	1866.417	461.653	183.31	1275.821	810.301	922.126	259.778	18.813	1125.204	104.05
2013	"M12"	1739.81	89.444	126.737	126.737	7214.9	87.488	1557.112	2207.451	135.79	125.463	197.553	17.72	13924.55	110.634	104.25	116.051	10.425	19.609	20.748	245.685	892.833	22762.125	34.593	1974.975	495.001	185.955	1225.403	795.275	925.414	246.113	19.023	1114.4	105.5
2014	"M1"	1727.411	87.974	135.033	135.033	7291.466	90.964	1586.17	2431.179	128.119	126.809	198.772	17.76	14101.25	107.57	104.395	105.517	10.236	19.906	21.578	248.999	897.779	22063.863	35.215	2036.932	473.747	187.457	1244.795	769.337	928.417	229.98	20.65	1092.748	105.619
2014	"M2"	1695.165	83.028	176.276	176.276	7149.213	94.05	1658.39	2323.841	121.37	128.552	209.356	17.96	14203.55	108.812	104.5	97.296	10.638	20.828	22.596	256.978	902.193	22820.676	35.547	2034.525	499.359	190.25	1300.975	811.205	946.133	242.798	22.926	1071.675	107.0
2014	"M3"	1705.367	79.753	216.06	216.06	6650.036	96.948	1729.285	2376.985	111.833	135.104	222.393	17.81	15678.095	107.406	105.234	103.478	10.754	20.736	23.012	237.726	905.736	23024.31	34.703	2007.905	506.691	197.762	1336.083	860.519	966.851	275.612	23.118	1022.655	110.976
2014	"M4"	1810.675	78.521	226.985	226.985	6673.563	94.203	1763.826	2256.203	114.581	140.379	222.43	17.67	17373.6	107.875	107.091	99.579	10.732	19.71	24.65	223.407	912.494	23405.2	32.745	2027.213	533.634	191.227	1299.0	825.325	945.505	276.382	24.025	1006.054	112.091
2014	"M5"	1751.05	78.835	215.238	215.238	6891.125	92.713	1820.156	2217.553	100.56	145.285	216.975	17.68	19401.074	109.676	108.689	94.018	10.646	19.36	25.159	219.521	918.053	23271.25	28.54	2058.975	542.778	194.545	1287.525	800.287	915.997	287.913	22.657	1043.202	109.095
2014	"M6"	1838.952	77.348	198.911	198.911	6821.143	90.898	2000.876	2212.721	92.852	147.469	202.634	17.51	18628.81	111.869	110.869	94.648	10.385	19.781	25.96	223.696	921.323	22762.0	28.225	2128.095	519.273	200.786	1279.095	758.472	926.072	261.65	21.437	1050.39	108.286
2014	"M7"	1948.304	74.038	198.591	198.591	7113.38	83.837	2048.974	2145.504	96.261	145.888	182.295	17.43	19117.652	106.983	112.529	91.574	9.747	20.925	26.149	232.394	930.588	22424.012	28.4	2310.62	451.021	227.5	1310.967	752.885	930.819	238.55	21.436	1070.176	108.659
2014	"M8"	2030.493	74.248	214.5	214.5	7001.838	73.995	2000.092	1986.802	94.143	139.9	176.482	16.23	18600.2	101.922	112.79	83.913	9.388	19.801	26.537	235.777	910.314	22231.05	30.829	2326.988	447.822	258.857	1295.988	677.862	961.589	229.158	22.021	1029.246	112.19
2014	"M9"	1990.432	71.526	212.005	212.005	6872.216	73.382	1871.814	2008.051	84.523	135.633	163.134	15.7	18034.795	97.336	113.523	74.589	9.397	18.491	26.691	232.955	889.004	21090.523	34.372	2294.591	409.104	272.295	1238.818	656.983	925.414	211.171	24.2	1000.121	114.571
2014	"M10"	1946.189	68.985	227.06	227.06	6737.478	70.343	1985.419	1833.782	81.304	133.037	163.378	15.23	15812.37	87.27	113.895	73.489	9.885	17.19	26.608	256.195	875.761	19830.412	35.752	2276.826	378.821	266.935	1222.489	673.087	922.412	210.725	24.007	981.205	114.478
2014	"M11"	2055.555	67.331	212.926	212.926	6712.85	67.525	2204.076	1991.449	74.425	130.645	178.709	16.41	15807.05	78.438	113.938	74.201	9.815	15.973	24.601	243.338	859.901	20033.475	40.597	2253.225	423.253	261.5	1176.3	662.403	904.696	215.988	22.013	973.172	113.737
2014	"M12"	1909.46	67.162	200.59	200.59	6446.452	68.305	2388.567	1995.104	68.674	128.112	178.713	16.58	15962.048	62.163	113.768	72.715	9.569	16.24	24.806	243.306	852.162	19829.715	36.948	2175.762	418.087	239.587	1202.289	624.535	908.6	234.859	18.05	946.862	106.818
2015	"M1"	1814.719	64.716	190.898	190.898	5830.536	67.35	2169.833	1951.394	69.068	123.689	174.795	15.5	14849.19	48.417	114.091	75.026	8.909	17.098	25.24	269.617	826.711	19454.12	35.898	2113.048	379.041	232.023	1251.845	641.597	911.602	213.021	15.995	905.998	102.476
2015	"M2"	1817.82	70.659	179.94	179.94	5729.275	69.843	2028.453	2028.167	63.8	119.417	173.759	14.69	14573.838	57.931	113.771	82.027	8.873	16.843	24.623	296.352	835.213	18233.912	38.188	2097.763	374.252	209.875	1227.188	634.378	966.851	201.742	15.722	891.644	103.125
2015	"M3"	1773.864	68.345	160.022	160.022	5939.67	69.352	1897.3	2070.858	58.182	109.975	174.294	13.05	13755.5	55.791	114.273	78.717	8.681	16.222	24.398	307.561	816.574	17421.908	39.318	2028.727	364.86	207.795	1178.63	607.655	1045.957	202.691	15.496	874.576	103.545
2015	"M4"	1819.188	61.198	164.952	164.952	6042.088	71.703	1854.615	2017.275	52.114	109.033	172.152	11.02	12830.925	59.39	114.973	77.126	8.526	16.319	24.387	290.739	814.23	15900.875	38.841	2212.725	349.711	214.432	1197.91	591.788	1059.141	195.931	15.759	884.982	99.591
2015	"M5"	1804.039	65.671	158.173	158.173	6294.776	72.863	1728.808	2044.777	60.429	110.245	166.35	9.04	13511.342	64.561	115.968	83.547	8.748	16.801	24.72	313.807	842.461	15803.592	35.69	2281.803	340.471	199.214	1199.053	601.397	946.79	193.217	16.263	990.58	96.05
2015	"M6"	1687.727	63.105	159.77	159.77	5833.011	72.352	1649.194	2008.051	61.841	108.005	166.814	8.79	12825.227	62.346	116.004	82.979	8.522	16.096	24.76	355.88	847.748	15064.943	36.045	2082.091	353.902	195.045	1181.505	606.404	929.181	199.835	16.682	1040.011	94.0
2015	"M7"	1639.5	64.483	153.292	153.292	5456.75	72.348	1556.971	2063.582	52.174	106.896	179.609	9.32	11413.098	55.866	115.924	74.367	7.76	15.072	24.672	403.032	848.075	15071.533	36.283	2000.685	394.642	204.413	1130.037	575.682	938.326	199.217	16.28	959.118	75.58
2015	"M8"	1548.125	63.393	158.776	158.776	5127.3	71.823	1552.024	2042.477	57.333	98.09	162.741	10.16	10386.0	46.994	115.44	64.434	7.808	14.938	24.5	387.333	849.982	15163.775	36.095	1807.638	370.408	212.0	1117.475	484.678	956.656	173.518	16.398	962.408	72.214
2015	"M9"	1589.602	61.765	147.654	147.654	5217.25	68.736	1567.695	1932.508	56.977	93.529	166.078	10.01	9937.545	47.235	114.998	59.514	7.902	14.718	24.435	371.215	836.739	15453.341	37.057	1720.227	342.955	202.409	1124.532	483.487	951.783	164.069	15.943	901.253	76.19
2015	"M10"	1516.489	57.331	153.883	153.883	5216.091	69.027	1647.57	1821.828	53.659	92.882	171.449	10.37	10316.83	48.124	114.307	59.004	8.343	15.707	25.038	391.84	835.812	15794.614	37.239	1724.341	338.214	184.545	1159.245	530.247	933.576	165.451	15.61	882.425	74.591
2015	"M11"	1467.893	55.778	148.937	148.937	4799.905	69.221	1753.717	1716.711	47.19	91.403	166.092	9.4	9244.333	44.417	113.349	55.44	8.267	14.507	25.557	353.774	828.618	14745.286	35.964	1583.31	320.343	177.071	1085.702	503.164	932.32	157.804	15.404	918.059	68.65
2015	"M12"	1497.202	55.866	149.815	149.815	4638.833	70.388	1704.36	1656.915	40.883	90.682	164.004	10.15	8707.786	37.722	113.062	56.593	8.495	14.054	25.6	343.491	816.846	14691.69	35.163	1527.786	303.862	167.109	1068.253	520.603	932.32	163.893	14.502	947.331	71.682
